91133
148189
101929147
1843
2012
648
5054
1869
4363
1627
10043
54838
6894
10614
6924
196
4026
6921
291
4323
6845
2542
2877
9648
5265
10907
10906
4189
79719
3251
9123
10330
6672
54788
10775
4938
528
5089
9267
51406
5519
54541
9053
4817
140885
9672
6428
4728
5142
8496
5998
90
4800
7430
5687
1848
7351
2353
969
10209
10228
23189
100272216
25941
57326
100129648
51442
3111
79893
54433
60385
10864
84148
55137
54998
91663
9262
253512
8897
5563
27433
57569
27253
170463
147906

57407
54872
91749
55968
7145
96610
353497
142678
4134
91775
158572
331
150084
83999
150572
54540
100128079
400550
387978
57520
800
79074
93034
10048
55784
283869
953
138429
729658
653390
1773
22987
166929
55785
10920
55755
26225
3188
100508544
284382
54534
6926
2719
54503
3097
8569
23277
399967
389715///259308
259308
259173
2122
54520
23286
54439
169044
400830
51427
50717
3842
166752
1452
9604
440119
80216
140890
26053
4076
54897
124773
731852
23759
654342
10318
10984
124925
257106
79571
147686
79644
160065
867
57381
100506926
22834
64921
515
11085
7789
220064
387707
84542
133396
125
54799
3827
100506238
100287621
9789
9630
100294337///284058
2187
91978
285957
22796
138255
64324
58510
152485
26127
124912
100507057
100506266
23114
100381270
130271
22849
57619
642852
80205
10793
9352
57338
9643
284802
11078
158724
124842
153129
7503
100506629
55250
349565
100505797
148103
127254
5618
348807
57466
5218
340547
8463
8934
114805
100272217
199704
27329
51263
201625
135112
113510
161779
207107
100505956
673
90249
27327
23224
90634
3329
25782
151887
5991
122046
51326
401551
229
134957
101928767
728127///642517///399761///119016
1767
128553
347744
23321
64094
5243
388820
203328
400464
100505622
10806
731789
91408
6789
2958
162394
6176
25758
5190
5170
10495
8548
9673
9469
9667
6915
2760
2597
6772
